96
104
91
92
96
86
106
99
89
98
84
83
97
107
91
104
90
87
109
81
104
89
95
93
104
95
105
83
108
103
97
108
99
104
99
91
100
106
94
94
100
91
105
82
104
90
95
95
86
103
87
85
86
103
89
93
106
105
81
102
85
98
104
93
93
107
108
88
107
95
90
81
81
94
108
83
98
90
94
88
96
100
107
88
104
88
84
89
107
104
109
85
109
105
95
107
107
95
103
91
98
86
110
109
90
109
87
97
91
90
107
90
84
85
84
84
96
104
98
97
102
97
104
104
84
106
86
90
99
110
101
84
96
100
90
91
106
108
110
100
91
101
92
83
104
84
96
90
92
88
87
84
89
96
109
88
109
103
106
109
82
101
98
88
89
98
95
108
106
108
86
110
95
109
107
102
106
107
106
98
106
88
95
102
93
102
99
96
95
96
84
84
100
96
88
83
91
101
107
109
94
109
89
82
84
102
102
92
99
83
103
89
108
109
93
83
102
99
105
109
90
85
85
86
110
86
109
110
89
86
91
104
82
103
94
86
94
101
82
104
84
105
109
89
95
90
95
88
104
95
81
105
110
105
94
94
88
101
92
85
85
92
88
92
109
99
104
93
100
93
101
87
108
110
83
83
86
108
86
84
85
103
103
83
105
93
89
103
88
97
89
97
91
83
101
101
81
97
91
88
83
91
101
89
86
90
90
88
96
81
95
103
87
99
107
108
86
97
94
93
85
108
99
108
102
102
89
101
110
105
104
105
106
106
90
108
94
81
92
110
85
110
99
98
85
99
85
110
98
81
96
83
82
84
105
86
99
102
102
94
90
85
104
97
84
98
98
96
98
86
100
108
100
108
83
97
86
87
93
104
100
94
110
84
86
94
109
89
106
88
91
94
89
81
89
108
87
86
106
89
106
99
81
91
110
81
85
94
107
91
110
94
95
88
92
84
92
94
102
94
89
105
82
87
82
105
98
83
100
96
85
96
107
103
85
81
95
91
88
105
108
97
94
108
87
82
90
107
86
108
86
97
97
100
101
82
107
100
102
102
100
107
100
104
100
82
88
99
97
83
89
97
81
83
98
109
87
99
81
92
106
93
104
100
95
83
107
93
103
82
102
102
107
99
102
84
94
105
105
100
110
92
82
106
100
96
92
82
87
109
90
81
91
90
105
93
99
86
89
95
95
95
102
105
110
96
91
100
99
89
110
95
92
100
84
95
95
90
93
84
107
84
109
94
105
105
108
93
91
88
105
108
110
100
110
108
103
107
109
91
85
91
83
106
103
84
110
109
95
91
107
89
110
89
107
96
109
84
89
107
88
91
94
100
104
110
99
98
110
88
89
88
96
103
100
109
107
92
84
108
88
98
89
106
87
105
99
87
107
88
108
110
106
103
109
98
103
107
89
109
109
100
110
91
86
101
107
101
82
106
89
83
110
81
85
108
98
84
93
104
85
110
81
92
87
103
87
99
82
94
91
98
110
95
90
87
107
89
106
85
84
97
110
90
109
88
85
93
109
81
93
109
106
95
89
101
88
86
86
83
86
106
103
107
97
96
85
103
104
102
82
109
99
95
86
93
82
95
100
96
84
85
87
82
110
103
94
98
92
98
97
100
102
90
91
89
107
104
108
86
91
107
93
88
95
106
83
101
105
108
92
84
105
91
87
84
84
107
93
87
92
109
96
105
102
108
98
109
107
85
87
94
105
89
