10138
9466
15312
13742
9390
15343
9480
15289
15356
15218
13749
13776
9452
9475
9178
9353
9325
13796
9369
13750
9235
11884
9190
13788
15198
15278
13728
10102
9180
15199
10131
9220
10133
10143
9197
10156
15319
9470
9523
9523
9323
9086
9245
9211
10143
9428
13804
13804
13828
9348
9114
15263
13828
13726
13864
9497
10109
15354
13766
9097
9240
13754
15207
15209
15209
13786
15314
15287
14161
13842
10127
9216
9216
13856
15280
9504
9507
13789
15212
9204
15255
9152
9494
9370
9435
9370
9496
15204
9462
9414
9327
9188
9237
13860
13840
9462
15293
13840
9461
9292
13845
9283
9230
10144
15345
15310
9460
13784
13737
9456
9296
9456
15342
9420
9448
9453
15257
9263
9107
9467
15291
9467
9263
9136
9453
9359
9238
9166
13790
9354
15251
9209
15250
9307
15214
13816
9489
15200
10137
9340
13816
15225
9314
13861
13858
9528
9175
15296
9121
10120
9356
9528
9156
13748
9367
10120
15311
10179
15323
9367
13847
9386
9505
9202
10129
9509
9399
10117
10110
10117
9159
9366
15302
9352
9295
9187
9149
9295
9459
9503
9459
9372
9406
9519
15297
15208
15339
9250
9374
15451
10125
10125
9144
9419
9262
9087
13863
9228
9302
9316
9271
9232
14118
9506
9540
9212
9212
9310
10135
13836
10136
14118
9176
15281
10101
9409
9244
9191
13756
15281
9324
15462
15462
9248
9251
9111
9521
9355
9155
9111
15216
9422
9082
13743
9236
9510
9236
9223
9157
13731
9116
9158
10173
15219
13819
9400
13803
9213
9422
13733
9388
10149
13759
9158
9439
9439
9210
9108
9493
9109
9109
9311
13740
10146
9436
9196
15317
9137
9347
9128
10172
9498
13817
9269
15206
9396
11974
9268
9089
15284
13806
10140
9463
13862
13753
9131
9343
10140
15305
9446
9343
9445
9138
9127
14134
9227
9476
10107
9431
9432
9127
9138
9224
9378
9161
9118
9118
13830
10139
9490
9303
13811
9148
9512
9502
15315
10112
9447
9249
15298
9423
9179
13751
9179
9275
9484
13734
13865
11924
9173
15316
9173
9474
15322
9334
9185
9170
9247
9663
9146
15261
11924
9093
13741
15261
10134
9092
9147
13846
9335
13770
9194
9207
15226
15353
9286
13791
13818
13818
9520
14123
9092
15279
9192
9405
9514
10162
9413
9514
12199
15320
9172
15217
9172
13735
9192
12199
9402
9472
15279
15217
9526
9407
15307
13780
9526
9265
9151
10122
9183
9322
11882
9394
9500
9329
9177
9376
13780
9351
9394
9351
9442
10141
11960
9282
9500
9264
11699
13814
10155
9282
9270
9492
9257
9317
9285
15300
10151
9083
13810
15330
9464
9105
10113
9105
9464
9088
15282
9142
9084
15223
9084
11988
9162
10087
10123
9483
15227
9425
9293
15313
15221
9411
13736
13798
9102
9145
15294
13815
13736
9167
9417
13752
9346
9221
13777
9525
9091
13857
13761
15321
9525
9208
15471
15321
13730
15283
9101
15355
9382
10145
9104
9491
15285
11927
9430
9252
15288
10124
9315
13755
9129
9433
9342
9412
9451
15295
9134
11414
15224
13948
9287
15465
15290
13948
9441
9522
15222
15359
11973
15309
9312
15260
15215
9342
9387
9313
13778
9119
13767
9427
9495
15202
13745
10169
9130
9280
13779
9299
15350
9375
9454
9527
10169
9357
15253
15329
9272
9198
9358
15308
15203
9360
9154
13941
13805
13805
10106
15346
9544
13929
9544
9284
13937
9217
13867
13878
13910
13765
11948
9278
11961
13813
9289
12221
13785
15332
9536
10147
10118
13922
13875
15328
11952
13812
13820
13965
13940
9274
10154
15340
9468
12221
13868
10132
13890
9371
9429
9530
13923
10121
9182
13809
11748
13973
13870
9361
9517
15335
15306
14159
10161
15254
15318
9337
14398
13959
9657
9658
14121
15338
15326
13935
9215
9135
14397
9164
15470
11970
13961
9140
13794
9397
13962
9106
9511
13932
14392
14146
15331
9319
15336
11894
9281
9168
13895
10086
9233
15259
9193
9125
10103
10104
9242
11957
9309
15325
15341
13787
9538
9226
15337
13866
15301
13839
9455
13897
13924
14119
10152
11959
13821
15334
9160
9306
13831
15352
9392
10165
13744
13799
10142
13835
9306
10164
9195
15262
11982
12198
9487
9332
14148
11951
9344
10153
15252
9123
9362
15303
9373
13833
13896
9294
14130
9219
9385
13807
15344
13795
13936
15258
10170
15211
14131
11886
15348
14349
9225
15327
15256
9124
15213
15333
13927
9241
9200
9518
13879
13930
14136
13931
13925
10159
9438
11979
10157
14147
13918
11993
9532
11743
9551
11956
13926
9333
15324
9380
9231
13913
14132
13802
9660
14127
13773
9266
13800
13960
9320
15347
13797
13801
10148
9557
9377
13859
9516
11897
9304
9383
9103
9260
13808
10163
10158
